﻿tmc_code,dist,length
110+04363,0.387,0.387
110P04362,0.433,0.046
110+04362,0.687,0.254
110P04361,1.028,0.341
110+04361,1.456,0.428
110P04360,1.551,0.095
110+04360,2.368,0.817
110P04359,2.46,0.092
110+04359,2.895,0.435
110P04358,3.523,0.628
110+04358,4.187,0.664
110P04357,4.397,0.21
110+04357,5.12,0.723
